Edge	6	24	36	0	0	1	182	-1
	Sequence	+edge_4_0_+disjointig_1_407355_410634 3279 1 3038763 407355 410634
	Sequence	+edge_4_1_+disjointig_1_1280865_1284045 3180 1 3038763 1280865 1284045
	Sequence	+edge_4_2_+disjointig_2_1227263_1230443 3180 2 1679235 1227263 1230443
	Sequence	+edge_4_3_-disjointig_3_296020_299204 3184 -3 302406 296020 299204
	Sequence	+edge_4_4_-disjointig_3_200018_203115 3097 -3 302406 200018 203115
	Sequence	+edge_4_5_-disjointig_3_45055_48233 3178 -3 302406 45055 48233
	Sequence	+edge_4_6_-disjointig_3_1632_4816 3184 -3 302406 1632 4816
Edge	7	27	28	0	0	1	182	-1
	Sequence	-edge_4_0_+disjointig_1_407355_410634 3279 -1 3038763 2628128 2631407
	Sequence	-edge_4_1_+disjointig_1_1280865_1284045 3180 -1 3038763 1754717 1757897
	Sequence	-edge_4_2_+disjointig_2_1227263_1230443 3180 -2 1679235 448791 451971
	Sequence	-edge_4_3_-disjointig_3_296020_299204 3184 3 302406 3201 6385
	Sequence	-edge_4_4_-disjointig_3_200018_203115 3097 3 302406 99290 102387
	Sequence	-edge_4_5_-disjointig_3_45055_48233 3178 3 302406 254172 257350
	Sequence	-edge_4_6_-disjointig_3_1632_4816 3184 3 302406 297589 300773
Edge	8	46	25	0	0	0	156	-1
	Sequence	+edge_5_0_+disjointig_3_6385_97033 90648 3 302406 6385 97033
Edge	9	23	31	0	0	0	156	-1
	Sequence	-edge_5_0_+disjointig_3_6385_97033 90648 -3 302406 205372 296020
Edge	10	0	38	0	0	0	151	-1
	Sequence	+edge_6_0_+disjointig_3_102387_252117 149730 3 302406 102387 252117
Edge	11	50	21	0	0	0	151	-1
	Sequence	-edge_6_0_+disjointig_3_102387_252117 149730 -3 302406 50288 200018
Edge	12	48	18	0	0	0	136	-1
	Sequence	+edge_7_0_-disjointig_2_451971_497093 45122 -2 1679235 451971 497093
Edge	13	11	37	0	0	0	136	-1
	Sequence	-edge_7_0_-disjointig_2_451971_497093 45122 2 1679235 1182141 1227263
Edge	16	19	6	0	0	0	151	-1
	Sequence	+edge_9_0_+disjointig_3_257350_295493 38143 3 302406 257350 295493
Edge	17	4	41	0	0	0	151	-1
	Sequence	-edge_9_0_+disjointig_3_257350_295493 38143 -3 302406 6912 45055
Edge	18	36	30	0	0	1	138	-1
	Sequence	+edge_10_0_+disjointig_1_410634_412687 2053 1 3038763 410634 412687
	Sequence	+edge_10_1_-disjointig_3_203115_205372 2257 -3 302406 203115 205372
	Sequence	+edge_10_2_-disjointig_3_48233_50288 2055 -3 302406 48233 50288
Edge	19	35	27	0	0	1	138	-1
	Sequence	-edge_10_0_+disjointig_1_410634_412687 2053 -1 3038763 2626075 2628128
	Sequence	-edge_10_1_-disjointig_3_203115_205372 2257 3 302406 97033 99290
	Sequence	-edge_10_2_-disjointig_3_48233_50288 2055 3 302406 252117 254172
Edge	22	30	3	0	0	0	130	-1
	Sequence	+edge_12_0_+disjointig_1_412687_634997 222310 1 3038763 412687 634997
Edge	23	1	35	0	0	0	130	-1
	Sequence	-edge_12_0_+disjointig_1_412687_634997 222310 -1 3038763 2403765 2626075
Edge	26	2	15	0	0	0	147	-1
	Sequence	+edge_14_0_+disjointig_1_638133_1199130 560997 1 3038763 638133 1199130
Edge	27	57	33	0	0	0	147	-1
	Sequence	-edge_14_0_+disjointig_1_638133_1199130 560997 -1 3038763 1839632 2400629
Edge	28	17	10	0	0	0	135	-1
	Sequence	+edge_15_0_-disjointig_2_500231_1252961 752730 -2 1679235 500231 1252961
Edge	29	7	12	0	0	0	135	-1
	Sequence	-edge_15_0_-disjointig_2_500231_1252961 752730 2 1679235 426273 1179003
Edge	32	54	40	0	0	0	103	-1
	Sequence	+edge_17_0_+disjointig_1_1649123_2641976 992853 1 3038763 1649123 2641976
Edge	33	29	55	0	0	0	103	-1
	Sequence	-edge_17_0_+disjointig_1_1649123_2641976 992853 -1 3038763 396786 1389639
Edge	36	34	39	0	0	0	109	-1
	Sequence	+edge_19_0_-disjointig_1_1394591_1665405 270814 -1 3038763 1394591 1665405
Edge	37	32	52	0	0	0	109	-1
	Sequence	-edge_19_0_-disjointig_1_1394591_1665405 270814 1 3038763 1373357 1644171
Edge	40	26	39	0	0	0	151	-1
	Sequence	+edge_21_0_+disjointig_2_1232340_1672524 440184 2 1679235 1232340 1672524
Edge	41	32	47	0	0	0	151	-1
	Sequence	-edge_21_0_+disjointig_2_1232340_1672524 440184 -2 1679235 6710 446894
Edge	46	14	8	0	0	0	112	-1
	Sequence	+edge_24_0_+disjointig_2_3385_423126 419741 2 1679235 3385 423126
Edge	47	9	16	0	0	0	112	-1
	Sequence	-edge_24_0_+disjointig_2_3385_423126 419741 -2 1679235 1256108 1675849
Edge	56	49	20	0	0	0	107	-1
	Sequence	+edge_29_0_+disjointig_1_2645145_3038761 393616 1 3038763 2645145 3038761
Edge	57	22	13	0	0	0	107	-1
	Sequence	-edge_29_0_+disjointig_1_2645145_3038761 393616 -1 3038763 1 393617
Edge	58	20	24	0	0	0	115	-1
	Sequence	+edge_30_0_+disjointig_1_18722_407355 388633 1 3038763 18722 407355
Edge	59	28	22	0	0	0	115	-1
	Sequence	-edge_30_0_+disjointig_1_18722_407355 388633 -1 3038763 2631407 3020040
Edge	60	5	56	0	0	0	147	-1
	Sequence	+edge_31_0_-disjointig_1_1757897_1834684 76787 -1 3038763 1757897 1834684
Edge	61	42	45	0	0	0	147	-1
	Sequence	-edge_31_0_-disjointig_1_1757897_1834684 76787 1 3038763 1204078 1280865
Edge	62	51	16	0	0	0	167	-1
	Sequence	+edge_32_0_+disjointig_1_1286115_1367088 80973 1 3038763 1286115 1367088
Edge	63	14	53	0	0	0	167	-1
	Sequence	-edge_32_0_+disjointig_1_1286115_1367088 80973 -1 3038763 1671674 1752647
Edge	64	16	32	1	0	0	73	-1
	Sequence	+edge_33_0_+disjointig_1_1367088_1373357 6269 1 3038763 1367088 1373357
	Sequence	+edge_33_1_-disjointig_2_5_6710 6705 -2 1679235 5 6710
Edge	65	39	14	1	0	0	73	-1
	Sequence	-edge_33_0_+disjointig_1_1367088_1373357 6269 -1 3038763 1665405 1671674
	Sequence	-edge_33_1_-disjointig_2_5_6710 6705 2 1679235 1672524 1679229
Edge	66	43	43	0	0	0	188	-1
	Sequence	+edge_34_0_+disjointig_4_24892_133950 109058 4 133956 24892 133950
Edge	67	44	44	0	0	0	188	-1
	Sequence	-edge_34_0_+disjointig_4_24892_133950 109058 -4 133956 5 109063
Edge	68	31	51	0	0	0	161	-1
	Sequence	+edge_35_0_-SRR32410565.164137_1881_7122 5241 * 0 0 0
Edge	69	53	46	0	0	0	161	-1
	Sequence	-edge_35_0_-SRR32410565.164137_1881_7122 5241 * 0 0 0
Edge	70	37	26	0	0	0	143	-1
	Sequence	+edge_36_0_-SRR32410565.86056_1450_6524 5074 * 0 0 0
Edge	71	47	48	0	0	0	143	-1
	Sequence	-edge_36_0_-SRR32410565.86056_1450_6524 5074 * 0 0 0
Edge	72	38	19	0	0	0	151	-1
	Sequence	+edge_37_0_+SRR32410565.52740_3165_8394 5229 * 0 0 0
Edge	73	41	50	0	0	0	151	-1
	Sequence	-edge_37_0_+SRR32410565.52740_3165_8394 5229 * 0 0 0
Edge	74	52	54	0	0	0	106	-1
	Sequence	+edge_38_0_+SRR32410565.44114_656_5608 4952 * 0 0 0
Edge	75	55	34	0	0	0	106	-1
	Sequence	-edge_38_0_+SRR32410565.44114_656_5608 4952 * 0 0 0
Edge	76	15	42	0	0	0	147	-1
	Sequence	+edge_39_0_+SRR32410565.20265_1175_6126 4951 * 0 0 0
Edge	77	56	57	0	0	0	147	-1
	Sequence	-edge_39_0_+SRR32410565.20265_1175_6126 4951 * 0 0 0
Edge	78	18	17	0	0	0	135	-1
	Sequence	+edge_40_0_+SRR32410565.115285_2490_5625 3135 * 0 0 0
Edge	79	12	11	0	0	0	135	-1
	Sequence	-edge_40_0_+SRR32410565.115285_2490_5625 3135 * 0 0 0
Edge	80	10	9	0	0	0	123	-1
	Sequence	+edge_41_0_+SRR32410565.184144_1750_4897 3147 * 0 0 0
Edge	81	8	7	0	0	0	123	-1
	Sequence	-edge_41_0_+SRR32410565.184144_1750_4897 3147 * 0 0 0
Edge	82	6	5	0	0	0	149	-1
	Sequence	+edge_42_0_+SRR32410565.12321_1341_6617 5276 * 0 0 0
Edge	83	45	4	0	0	0	149	-1
	Sequence	-edge_42_0_+SRR32410565.12321_1341_6617 5276 * 0 0 0
Edge	84	3	2	0	0	0	138	-1
	Sequence	+edge_43_0_-SRR32410565.123620_587_3722 3135 * 0 0 0
Edge	85	33	1	0	0	0	138	-1
	Sequence	-edge_43_0_-SRR32410565.123620_587_3722 3135 * 0 0 0
Edge	86	25	0	0	0	0	153	-1
	Sequence	+edge_44_0_+SRR32410565.111392_1682_7029 5347 * 0 0 0
Edge	87	21	23	0	0	0	153	-1
	Sequence	-edge_44_0_+SRR32410565.111392_1682_7029 5347 * 0 0 0
Edge	88	40	49	0	0	0	105	-1
	Sequence	+edge_45_0_-SRR32410565.40118_646_3812 3166 * 0 0 0
Edge	89	13	29	0	0	0	105	-1
	Sequence	-edge_45_0_-SRR32410565.40118_646_3812 3166 * 0 0 0
